2019-01-01 -3.500487018481749 100854.65913364576 0.00999571375063716
2019-01-02 6.565828132630429 100043.49201217484 0.005445855870585311
2019-01-03 7.337286874771735 98757.89218945512 0.0011536596499276271
2019-01-04 8.071932564747897 99049.98456717418 0.0002090625898424018
2019-01-05 3.990784890181942 98981.57942527525 0.0023207408691746697
2019-01-06 2.448094122155851 99412.99930207715 0.0037915392135046896
2019-01-07 1.2453927204316528 99473.88949222148 0.007123227320125901
2019-01-08 1.507193317739052 100158.56471091695 0.007066997438985271
2019-01-09 7.362168983933486 98936.99609333275 0.002824969745582028
2019-01-10 2.4462237130389326 99188.13051622528 0.0014126742900999589
2019-01-11 5.060800602731774 98276.58301379807 0.001122486972798655
2019-01-12 0.9320991933442997 97656.62884932496 0.003945237829904485
2019-01-13 -4.032845128507631 98450.64514828566 0.005677865014425426
2019-01-14 -1.1027075491614369 97545.09346185795 0.009501875766606124
2019-01-15 -1.7987264569195531 96969.09882962114 0.016692914483333765
2019-01-16 -7.0372039423578485 98669.8703815015 0.016597285801932902
2019-01-17 -1.735727677117211 98442.08074526065 0.018817256662749676
2019-01-18 1.6051914196538632 98156.76209846884 0.02333161232718241
2019-01-19 1.2887522045061246 97638.57535194578 0.02798418850791272
2019-01-20 -0.6676107132163906 97351.02570385183 0.032764702551026516
2019-01-21 -1.8389685924658465 95408.24922124954 0.04117282865656226
2019-01-22 -4.854238126164887 96637.14198126644 0.042888462402509424
2019-01-23 -6.436150806582532 97640.41739578405 0.04577934937160375
2019-01-24 -2.8551108545413513 97301.97303048497 0.0502347150741084
2019-01-25 -3.0862764176758333 98038.15942727169 0.0509843746636753
2019-01-26 -7.870896296935541 99163.3546596594 0.04949257805766812
2019-01-27 -8.614525618579421 98177.96394965927 0.04873382643727194
2019-01-28 -5.305601853520841 97362.43023024501 0.05434350122047773
2019-01-29 -7.795428123020258 97480.85676976042 0.05346633672237636
2019-01-30 -8.406995225195317 97870.68021438946 0.052714187648177646
2019-01-31 -9.822101419820513 98379.78150166234 0.05191365598135166
2019-02-01 -12.880900474786472 99081.6735922487 0.051562638648263964
2019-02-02 -13.950406075758906 98727.45810261306 0.0499601682146027
2019-02-03 -5.63204492349098 97969.32863380853 0.05025490154731865
2019-02-04 -5.352022007059475 98391.4061926577 0.05452382649859186
2019-02-05 2.315181716724851 97598.38797322691 0.055182998733714926
2019-02-06 1.5932037975862272 97166.52776722067 0.05316451377038282
2019-02-07 -3.402290539842454 97609.41088097631 0.05045871457174176
2019-02-08 -5.221320085130287 97287.52289376153 0.049184206678708244
2019-02-09 -2.833686168292786 97514.0942858703 0.04840261674277661
2019-02-10 -6.044328436115791 98380.46401192911 0.047635584880018046
2019-02-11 -0.41796777516913153 97844.2678009473 0.05042700070230152
2019-02-12 2.204770899761286 96354.44329324063 0.05136613172004295
2019-02-13 -0.47206794189997936 96394.27106977592 0.049531327427154825
2019-02-14 -0.8126524383754372 97407.24840442983 0.04990940437580588
2019-02-15 -2.9574732443957146 97692.98536396581 0.054547368364131966
2019-02-16 -4.586882980570806 97963.69975881268 0.05486591415854366
2019-02-17 0.4306311732799486 96922.67345384037 0.05414850963072828
2019-02-18 -2.923919238419046 97648.13049568061 0.05092105516325707
2019-02-19 0.5327951864097145 97487.36630316499 0.04947769526910827
2019-02-20 3.7545182112740463 96264.57210262863 0.04341287775212702
2019-02-21 5.646918805103667 96508.48512656952 0.028991076803024762
2019-02-22 5.052100366384764 96868.26344182035 0.01624729673423661
2019-02-23 3.8926734301388706 96340.55090684275 0.008569130818137644
2019-02-24 3.005362680875521 98486.92827472578 0.007337268879231955
2019-02-25 5.629461653345572 98452.55324150459 0.003719993589955207
2019-02-26 5.132357921220716 96831.79684487841 0.001878965585487509
2019-02-27 3.6717951171475534 99310.2558210574 0.001066690045507038
2019-02-28 3.4121766638099302 98743.97778659702 0.0017410697845767072
2019-03-01 4.939394047323162 97637.36444663377 0.0006486731042844943
2019-03-02 1.9277519737296984 96502.40124472913 0.0008073506899479461
2019-03-03 0.2839457552605609 96413.24925848428 0.0
2019-03-04 0.09310734626859585 97311.21260495666 0.0
2019-03-05 -2.0930608370488812 97799.45696558252 1.0174415451819305e-05
2019-03-06 -2.3150727313231414 97772.87575927873 0.0
2019-03-07 -1.4203937037204355 97776.25895533229 0.0001916361974196078
2019-03-08 -0.9839932492999424 96828.8539780292 0.0
2019-03-09 0.167441938900879 96818.89519919036 0.001018307452879779
2019-03-10 -1.1315571928136592 97139.763090415 0.001788099396425799
2019-03-11 0.7229534466319478 96407.8111928103 0.0007125337970139851
2019-03-12 2.9030002910212147 96010.8470762504 0.0
2019-03-13 -0.5372205261400609 96447.53622586459 0.0031169429975105127
2019-03-14 0.08120474279712653 96015.36778941525 0.004412232675296683
2019-03-15 0.576806479721995 96470.48471623234 0.0032034255288509624
2019-03-16 1.0684406821563357 97112.35993626302 0.004229688508706361
2019-03-17 0.7731710974686052 97718.97212584373 0.0031114228359355924
2019-03-18 4.633157063722422 97225.19429488294 0.0008843623558412236
2019-03-19 2.2412155380094987 96297.27388487321 0.0029720658157843683
2019-03-20 -1.1245006493269898 97293.72419672308 0.003608183258447468
2019-03-21 -0.30874721855269627 97961.30730346893 0.003502921353906058
2019-03-22 -0.3467505310650836 95735.10558965361 0.014595253084863308
2019-03-23 -0.6379675626661196 97439.71534443206 0.01950300144035595
2019-03-24 -0.205959735717272 98787.98135175377 0.019367378647152468
2019-03-25 4.007646911766528 98577.81956132788 0.017534252050429265
2019-03-26 3.386274331493553 98535.3644872065 0.008690087299705792
2019-03-27 2.0602392861795806 97575.23399589711 0.006261216206740003
2019-03-28 -1.5130356340731055 96886.61783082252 0.00836293654754496
2019-03-29 -1.2381138334150137 97812.94571687643 0.009857168518952835
2019-03-30 -3.76908910348709 99381.21487234168 0.009921191569375709
2019-03-31 1.429202925469042 98321.32046096209 0.013061459955501823
2019-04-01 -1.9426629403276934 97595.8487414817 0.01945689185543601
2019-04-02 -2.762072170739657 99590.67213604056 0.02084781021462304
2019-04-03 0.9715478219924876 99134.49108031292 0.017709436001586358
2019-04-04 3.6053105748999883 98997.01296388842 0.012805367753810332
2019-04-05 2.618783123842661 99520.11671986028 0.010576683696782163
2019-04-06 1.532812254734722 100204.36628699156 0.008685811880446785
2019-04-07 2.7271251549647673 100433.23472978309 0.003954762814582783
2019-04-08 3.2657179620471197 100397.60475832946 0.002521414978192431
2019-04-09 4.509398327151587 100270.4670393876 0.0008741338211582803
2019-04-10 5.264363461625351 99836.20703921752 0.0003767239678728841
2019-04-11 6.500788906518608 99306.72584860236 0.0
2019-04-12 8.613926115679192 98654.37813232774 0.0
2019-04-13 8.10219918500377 98403.55193987826 0.0
2019-04-14 8.05733770572931 98357.45681100075 0.0
2019-04-15 7.4257345543773 98864.69403797516 0.0
2019-04-16 6.737310641215231 97957.93878505549 0.0
2019-04-17 6.933051789256183 98341.40681150147 0.0
2019-04-18 7.1190724777954415 98127.8911803023 0.0
2019-04-19 7.303336115346042 98023.9514716107 0.0
2019-04-20 5.193457952374104 98088.10009786735 5.455218497570456e-05
2019-04-21 4.801295507522468 98143.36141301582 0.0
2019-04-22 4.8468087960346224 97843.2917378776 0.0
2019-04-23 5.646550391186679 97050.0386762045 0.0
2019-04-24 7.062988543819358 97341.23571787465 0.0
2019-04-25 9.572482448578683 97525.78502624633 0.0
2019-04-26 8.795582516278955 97372.36699262362 0.0
2019-04-27 8.223492382284121 98206.59268676343 0.0
2019-04-28 7.449171347403194 98567.86812130913 0.0
2019-04-29 8.498244145749709 99204.69423312967 0.0
2019-04-30 10.28386138272134 99919.53934114461 0.0
2019-05-01 9.473605821169542 99776.07274754067 0.0
2019-05-02 6.05908895960016 100311.3442671933 0.0
2019-05-03 4.066593138482119 100766.72539153304 0.0
2019-05-04 5.153980984193879 100648.35022375814 0.0
2019-05-05 6.8455109746769836 100380.24111003712 0.0
2019-05-06 6.684684130152277 100283.53747793734 0.0
2019-05-07 5.512787799793443 99662.00546714854 0.0
2019-05-08 4.114345250028293 99434.91301881464 0.0
2019-05-09 4.315074155714342 99354.949235301 0.0
2019-05-10 2.905635867504202 99486.37282516538 0.0
2019-05-11 2.0150660720522637 100087.06992576737 1.2988615470406068e-05
2019-05-12 3.3161339896083177 100159.28391528409 7.647047358201164e-05
2019-05-13 7.264851030788407 99091.01591020143 0.0007723355474089788
2019-05-14 9.264715130245861 99569.3455249089 0.0
2019-05-15 8.746385088597037 99164.20596278783 0.0
2019-05-16 8.948275915098236 99272.44622004213 0.0
2019-05-17 8.459702382127887 99298.49169248063 0.0
2019-05-18 8.214026978571098 99339.25149916518 0.0
2019-05-19 8.480220203350143 99237.10980139142 0.0
2019-05-20 8.170837531689074 99076.73456633968 0.0
2019-05-21 9.054974253359944 99654.71067999616 0.0
2019-05-22 9.911451591725836 100041.25367205264 0.0
2019-05-23 10.041530043949365 99756.56616378708 0.0
2019-05-24 9.085779324725365 99546.68324852397 0.0
2019-05-25 8.366181926280944 99435.43407503981 0.0
2019-05-26 8.682082690319191 99104.37990155404 0.0
2019-05-27 9.556357254828072 98971.75274519772 0.0
2019-05-28 7.077441705177478 99160.81542791419 0.0
2019-05-29 6.050983853426715 99144.0609016879 0.0
2019-05-30 7.611273470871254 99269.75287307538 0.0
2019-05-31 7.776946375380874 99179.09642871562 0.0
2019-06-01 7.178528816088431 99010.54574810276 0.0
2019-06-02 6.517991002488031 98806.3137242957 0.0
2019-06-03 7.668661023322841 98387.89089784282 0.0
2019-06-04 6.923019594901689 98538.8210714608 0.0
2019-06-05 8.551720842774955 98917.90048350324 0.0
2019-06-06 9.118596502868002 99596.24230047585 0.0
2019-06-07 10.114419320445847 99421.43160634082 0.0
2019-06-08 10.962876571234517 99461.3254322568 0.0
2019-06-09 10.233927127205448 99688.7114333936 0.0
2019-06-10 10.331160061754304 100515.84048852295 0.0
2019-06-11 10.717569581594773 101267.94478604768 0.0
2019-06-12 11.910210449432384 101277.0155676577 0.0
2019-06-13 12.767112880779393 100123.5952332699 0.0
2019-06-14 13.483252856310628 99434.20115326757 0.0
2019-06-15 12.60974345916776 99381.32495464275 0.0
2019-06-16 11.655154660758797 99148.58895367284 0.0
2019-06-17 12.673904159785195 98303.88342446904 0.0
2019-06-18 8.922005168864814 98213.87279627567 0.0
2019-06-19 8.422265860257028 98463.73026447553 0.0
2019-06-20 9.5267141042778 98296.52258793598 0.0
2019-06-21 9.9650416468794 98407.8378108008 0.0
2019-06-22 10.779066366197128 99020.57057632222 0.0
2019-06-23 10.374604564424999 99729.11897671467 0.0
2019-06-24 11.932683698367725 100277.34351379586 0.0
2019-06-25 11.547577797002702 100465.4154558025 0.0
2019-06-26 11.150824347954938 100448.92512709882 0.0
2019-06-27 11.778828378733408 99940.60909357372 0.0
2019-06-28 11.600941135899632 99194.33181918685 0.0
2019-06-29 11.957055695952079 98618.92429255585 0.0
2019-06-30 11.391398635738256 98243.7197775119 0.0
2019-07-01 9.79732829606047 99078.1069256933 0.0
2019-07-02 10.34105055844833 99736.42110268713 0.0
2019-07-03 10.858898828051963 99142.66652587405 0.0
2019-07-04 10.270116709665047 98616.84740647524 0.0
2019-07-05 12.42301428232662 99175.58113390073 0.0
2019-07-06 13.19396291289064 99509.92309877912 0.0
2019-07-07 13.051103331701313 99459.91637880281 0.0
2019-07-08 10.213352626919118 99265.6724891149 0.0
2019-07-09 12.057349299964983 99235.76679731808 0.0
2019-07-10 11.745331051820926 98870.22016948998 0.0
2019-07-11 12.432564704635865 98871.08615025859 0.0
2019-07-12 13.286066392133876 99141.60973578358 0.0
2019-07-13 12.328700319581515 99453.48757241899 0.0
2019-07-14 11.494186118573737 99333.36576546676 0.0
2019-07-15 13.022452064773688 99038.9029488642 0.0
2019-07-16 12.996067960412006 98243.19138246666 0.0
2019-07-17 13.948871368300274 97872.55161350801 0.0
2019-07-18 15.101553495912412 97815.1400240782 0.0
2019-07-19 13.764352674961003 97941.67595977407 0.0
2019-07-20 14.07257342580698 97998.55915415865 0.0
2019-07-21 13.934616583666639 98077.2533217997 0.0
2019-07-22 13.450123943315134 98100.36326620908 0.0
2019-07-23 13.75973333123278 98404.02162436291 0.0
2019-07-24 14.163770040023735 98218.89988802555 0.0
2019-07-25 12.861795257441429 98155.51449905646 0.0
2019-07-26 14.305581058526343 98298.40132587461 0.0
2019-07-27 13.789659877103816 98315.46408254397 0.0
2019-07-28 13.890293555501557 98988.97695590866 0.0
2019-07-29 15.808341425858941 98964.59739562667 0.0
2019-07-30 15.200033369872472 98790.99026798364 0.0
2019-07-31 15.94652498425586 99264.63771548464 0.0
2019-08-01 13.136972113888135 99776.93872830928 0.0
2019-08-02 12.014443248403666 99946.48014963201 0.0
2019-08-03 12.471956654219866 99760.58783718699 0.0
2019-08-04 13.233553239199182 99451.96843666391 0.0
2019-08-05 13.672362553846028 98959.76845201878 0.0
2019-08-06 12.40232642391203 98924.4393721881 0.0
2019-08-07 12.375602245165396 98932.29190966605 0.0
2019-08-08 10.689825179693457 98919.77922144187 0.0
2019-08-09 10.262124961619918 98937.41440607689 0.0
2019-08-10 8.856172435854944 99017.7965023347 0.0
2019-08-11 8.572323682593321 99018.75054894417 0.0
2019-08-12 8.640423578169191 98791.71681117085 0.0
2019-08-13 9.354381409730706 98558.76798441878 0.0
2019-08-14 9.029723730281319 98131.57526797887 0.0
2019-08-15 8.591962978321192 97759.69523842791 0.0
2019-08-16 10.66516978678834 97263.2460769606 0.0
2019-08-17 10.880153477108081 97419.57028333214 0.0
2019-08-18 9.73960066922399 97856.03926834413 0.0
2019-08-19 9.603089143219506 98348.29062472978 0.0
2019-08-20 9.637748390947024 98443.9594831993 0.0
2019-08-21 12.527530476618665 97999.97554643272 0.0
2019-08-22 12.504972209087043 98218.41552590077 0.0
2019-08-23 11.348690960901479 98649.54184989973 0.0
2019-08-24 11.566763660217362 98812.89664590104 0.0
2019-08-25 9.676998642870672 97533.38070502171 0.0
2019-08-26 10.924278128548565 95898.34296453377 0.0
2019-08-27 10.396312645994328 96865.01234452806 0.0
2019-08-28 9.794834417237837 97421.94806103571 0.0
2019-08-29 9.97289169726406 97454.35629047739 0.0
2019-08-30 8.427650371351262 97990.91944246285 0.0
2019-08-31 7.837989727470017 98358.42553525038 0.0
2019-09-01 7.282733275527676 98561.15310094248 0.0
2019-09-02 7.388666446423429 98616.12086328802 0.0
2019-09-03 7.59993765804137 98792.12044627483 0.0
2019-09-04 8.750380962619545 99282.63984112331 0.0
2019-09-05 9.83377293430874 98146.30427986504 0.0
2019-09-06 10.232680187794188 98964.2744875435 0.0
2019-09-07 10.85773690723687 98073.20229311951 0.0
2019-09-08 9.446853302890872 97435.51753935042 0.0
2019-09-09 8.862492151507638 98068.45407653238 0.0
2019-09-10 8.679730509156968 96779.50775185945 0.0
2019-09-11 8.315369145270722 96890.50740546112 0.0
2019-09-12 6.810369954904161 97755.14516998274 0.0
2019-09-13 7.589508710237794 98345.79542590502 0.0
2019-09-14 6.7161126712233 96736.17201932931 0.0
2019-09-15 4.864549343113481 98123.5686152794 0.00017128736651597152
2019-09-16 6.124099846179831 98829.51173454594 5.4010992664438665e-05
2019-09-17 6.098084155735137 99898.07329243154 0.0
2019-09-18 7.350918189699712 99250.46645392397 0.0
2019-09-19 10.673189874365505 98243.33815886814 0.0
2019-09-20 11.096469125435362 97894.2818597437 0.0
2019-09-21 11.502347903811255 97697.19784668762 0.0
2019-09-22 11.997014436177608 97292.6160348921 0.0
2019-09-23 10.997847553814893 97711.78008217235 0.0
2019-09-24 10.695153011723562 97400.95169680733 0.0
2019-09-25 11.564411479055138 97008.25143470975 0.0
2019-09-26 13.516806862287183 97252.42865617323 0.0
2019-09-27 11.899441427243914 98274.14652553391 0.0
2019-09-28 8.176562117168203 98707.11489337117 0.0
2019-09-29 6.402224013962325 99190.02393180407 0.0
2019-09-30 5.67367132338228 99368.26919373318 0.0
2019-10-01 5.969054266198384 99598.95032508271 0.0
2019-10-02 6.147678336866136 99532.88626678703 0.0
2019-10-03 7.599087472079134 98462.33588866168 0.0
2019-10-04 8.233467897574485 98276.03994111269 0.0
2019-10-05 8.645354656750158 97326.50670598848 0.0
2019-10-06 8.519017022760579 97853.6981847409 0.0
2019-10-07 10.1090914884158 95710.93151633367 0.0
2019-10-08 9.048937933028014 95614.26457833425 0.0
2019-10-09 7.418479634166147 97128.12372177948 0.0
2019-10-10 4.797894763673469 97328.10656876436 0.0
2019-10-11 7.189439535937311 97817.70127228362 0.0
2019-10-12 4.320827080725564 98083.83624340505 0.0
2019-10-13 5.040226102445388 98130.91477417231 0.0
2019-10-14 5.518909138721597 97304.15999886666 0.0
2019-10-15 9.088925012785637 96654.92394230294 0.0
2019-10-16 9.269957943679742 97339.37165757614 0.0
2019-10-17 5.116119369341845 98330.98568699804 0.0
2019-10-18 3.1325788403595425 99222.64498702786 0.0
2019-10-19 3.683811078747283 99643.60704522593 0.0
2019-10-20 5.575928277256139 98847.28635676239 0.0
2019-10-21 4.397598873116351 97463.74998017063 0.0
2019-10-22 0.07584857123498523 98523.35083874727 0.0004500555260495455
2019-10-23 -2.7774605366562923 99116.3935500133 0.0006170133540753811
2019-10-24 -1.3572248867255894 98997.09369090923 0.00035426448695530737
2019-10-25 -0.6726834894578246 98898.30583390873 0.0003537774138751675
2019-10-26 -1.5300393533179886 99039.98909423499 0.0006029964732135688
2019-10-27 -2.2410782130757525 100028.21992760326 0.0004614746838172799
2019-10-28 1.158702091814689 101008.62023995386 0.001414568463189393
2019-10-29 4.462779796888469 100578.21312032202 0.0017510277231040173
2019-10-30 5.182093800012069 99693.81925216432 0.0013407498319325895
2019-10-31 3.5953917386737544 98963.84883597925 0.0009139655752675229
2019-11-01 1.2937683016833716 97989.4443396282 0.0004077884065396044
2019-11-02 1.9072341525075558 97566.39071770934 0.0
2019-11-03 2.4465354478917902 97912.49681116448 0.0
2019-11-04 0.8519266571045705 99095.51460690606 0.000927224786893561
2019-11-05 -0.750022072490026 99103.84416768875 0.0013364744126735815
2019-11-06 -0.20451441958141459 98632.84603423404 0.0009529314216787385
2019-11-07 1.453688281181769 99230.49018568573 0.0009308507753790496
2019-11-08 2.8326332328794024 98085.89111302543 0.0009207845983894859
2019-11-09 3.2794342955713205 97973.17417552671 0.0029748258965718298
2019-11-10 4.684394937713762 97229.8764620894 0.002996690065947013
2019-11-11 3.3478742655320843 96919.59114940977 0.0018647322277011904
2019-11-12 2.2422357611641814 97828.86361761442 0.0022947636382338586
2019-11-13 -1.3151973606586012 98387.8395261023 0.000462773545364317
2019-11-14 -3.6840988467946545 99756.94778243087 8.675312749608563e-05
2019-11-15 2.470539031559099 98352.61318975268 0.0016001433067228084
2019-11-16 0.7519164484124303 97893.24708611344 0.0026959494985760017
2019-11-17 -1.554638067158919 98832.87291413931 0.0036033125276460666
2019-11-18 1.9349502148767215 98283.8190903899 0.0031698174863212885
2019-11-19 4.159065031642399 98033.77081286813 0.001874527808535121
2019-11-20 2.9705050564235194 98037.39618998412 0.0016124824914196948
2019-11-21 4.407205974489727 97709.79860075268 0.0017918336233735401
2019-11-22 5.327503939088103 98127.88384148222 0.0016360784761909307
2019-11-23 3.5758374615421076 98839.4118028242 0.0018411903621610801
2019-11-24 1.4290045487445582 99002.33360844123 0.0007663283127539153
2019-11-25 -0.00032809098217967403 99116.45959939394 0.0004840965224282342
2019-11-26 -1.487558394737846 99244.04498636024 0.00014157590862742096
2019-11-27 -3.7955015473808658 99218.31508318488 0.00015331978178191193
2019-11-28 -2.45963268443694 99297.40554710985 0.00022789608227449017
2019-11-29 -1.204729864630906 99530.42042324255 4.080590026952381e-05
2019-11-30 0.3515922183232192 99645.1041645208 6.927261584216357e-05
2019-12-01 3.027495855426025 99393.60280062463 0.0
2019-12-02 7.178472137024357 97611.29695773504 0.0
2019-12-03 4.691734876521082 95835.192417807 1.915820781884809e-05
2019-12-04 -1.3637146395707305 95212.28070884454 0.0023684199117972827
2019-12-05 -4.468537094626242 96021.17279609288 0.003888466756452588
2019-12-06 -4.98326801570164 97193.03558532376 0.00292038195005838
2019-12-07 -3.1140208195771493 96694.10590267181 0.004533838587638352
2019-12-08 -2.8778108197333268 97002.86474077629 0.0052533537654676785
2019-12-09 -1.0264458683480484 96846.01213935949 0.014073164862184143
2019-12-10 -1.420478722316659 94488.92990836519 0.022150730703998065
2019-12-11 -3.1127172011017024 95737.85764718095 0.02559633979214096
2019-12-12 -5.278254205068663 96263.26579265569 0.02400739916626138
2019-12-13 -9.369462413521092 96373.73705121211 0.022096611472871383
2019-12-14 -10.37336199774029 96438.0985032509 0.021273620325127824
2019-12-15 -8.034585434199812 96939.27386484512 0.02093775637675559
2019-12-16 -2.8952963110235146 97938.42486248181 0.020233069868254978
2019-12-17 -3.913337321748031 98195.48171317314 0.020113520486696124
2019-12-18 -2.5034739405567166 98016.65668445827 0.019842545496444795
2019-12-19 -1.0221382594726833 97459.84572789188 0.019278460750411317
2019-12-20 1.6217133668534984 96626.11907351704 0.01888874816706803
2019-12-21 0.938929020574335 96236.17820776683 0.017498046284805512
2019-12-22 -0.5311842058080742 96513.80577112232 0.016451326235584224
2019-12-23 -1.9021940885248227 97393.2899686513 0.016067133813815863
2019-12-24 -0.8755378600495192 98036.53754803562 0.01801704971131046
2019-12-25 -2.5919216201622817 99336.59484629882 0.01945147993232334
2019-12-26 0.44448920446455986 98483.48636811161 0.019639003068177317
2019-12-27 3.7710968375377547 96479.43807672121 0.016023946667376766
2019-12-28 2.24538144922451 97086.09429922234 0.01449469955342992
2019-12-29 1.5302900363800518 96123.65207959 0.01825852972059774
2019-12-30 -1.4692227174853656 98514.93321212374 0.020426600238764015
2019-12-31 4.130810518163742 97393.48811679326 0.018020026269022424
2020-01-01 1.150385388119787 95722.44439152635 0.013573009848145362
2020-01-02 -4.6270559726796705 95394.06782401139 0.013658746154036228
2020-01-03 -8.82139612553857 98146.4190068919 0.01649376000216092
2020-01-04 -0.044940126777703426 97408.71761491666 0.02247472470110785
2020-01-05 1.745792290552231 96091.79669979407 0.02357138731601414
2020-01-06 1.2293518821743987 94551.92063103388 0.030474112565849993
2020-01-07 -0.5943275868795013 93170.46200383618 0.03763036324762389
2020-01-08 -2.7465983681408375 95391.0673542258 0.033489617214968646
2020-01-09 -3.6279782757052885 95915.96548880113 0.027639860818222114
2020-01-10 0.8663790258224253 94447.74174298796 0.033009239868480846
2020-01-11 -1.8645243513406626 94406.37023474816 0.03566452501610839
2020-01-12 -4.3929792014077975 94894.774925459 0.03530722689985504
2020-01-13 -2.029745486425327 94658.7226291684 0.03903936004947187
2020-01-14 -0.4027997117595419 93946.4331914201 0.03696123901142671
2020-01-15 -0.6485143812175806 94946.24310656621 0.0353894067367608
2020-01-16 0.5640250427265983 96099.24265088774 0.03707377585145532
2020-01-17 -3.3140789423213732 97654.66409838364 0.04115787241384785
2020-01-18 -3.565462170538069 98816.63744037674 0.04131435704919236
2020-01-19 4.151505490763043 97211.90152321476 0.03572803339084236
2020-01-20 -0.22129014660907842 98369.04282030778 0.029719887107509297
2020-01-21 0.9187379991730609 99577.3393660764 0.032938491539027205
2020-01-22 3.280583495684027 98168.77526796296 0.02634822749288251
2020-01-23 -2.4009088317592386 97267.43782593311 0.025345557272582492
2020-01-24 -1.5418792415861162 97383.70142817678 0.02637782239550854
2020-01-25 0.6633520743634449 95314.99716165585 0.032166610752510455
2020-01-26 0.38698091365944265 94475.90566183419 0.03598740159325592
2020-01-27 -0.7981874694214071 94553.0066906495 0.0381498617529478
2020-01-28 -2.2707402130802166 95892.44953695404 0.039444797513773576
2020-01-29 -6.056250026078203 96344.54486170138 0.0382612554422312
2020-01-30 -6.964584508964549 96197.29174483179 0.03741494284052623
2020-01-31 -5.689575253802218 96332.27606960265 0.0374111323380422
2020-02-01 -9.078100857896118 96938.02121827775 0.03746219307132831
2020-02-02 -6.843323625477751 97044.07770091342 0.03747248142803522
2020-02-03 -2.5413965410764945 97240.98583156579 0.03879713910823649
2020-02-04 0.23564196328987919 98343.3915648096 0.03956800376075748
2020-02-05 5.343429870405259 97742.55209219498 0.028547776543419032
2020-02-06 4.683933548537823 97408.10095394847 0.01854850995830398
2020-02-07 4.727916937110308 95577.0044419812 0.01652221175404174
2020-02-08 0.8686001753768551 94291.10065316968 0.015935648404998736
2020-02-09 -4.583165132005263 93497.34754035341 0.021126568922255003
2020-02-10 -2.481518051005139 93998.0670426382 0.021681251067181547
2020-02-11 -4.036369013050319 95964.44240401783 0.02192525024290948
2020-02-12 -8.19769270326168 97088.9098736912 0.02194646204007063
2020-02-13 -6.387710323126782 97316.50379043286 0.022220437168673002
2020-02-14 1.053024999317529 93631.3010288789 0.034653598707092954
2020-02-15 0.7417170070804104 93119.73933822782 0.04232477529120992
2020-02-16 1.3679886335295919 92635.16346785687 0.04193369071959809
2020-02-17 0.22645658440336547 95031.33311628301 0.04194588432754701
2020-02-18 -1.9448327899177116 96660.18323847018 0.04189380746026516
2020-02-19 -2.94326265160538 95584.83695666686 0.04340784711392315
2020-02-20 -0.8751641836668682 94271.49635671788 0.04225161364351638
2020-02-21 -1.4578226131359884 93945.81653045192 0.041554037655438386
2020-02-22 -3.4640990851430047 95446.95340495597 0.04148544861072569
2020-02-23 -2.4421389203632202 97310.82498718839 0.039506273620516064
2020-02-24 -1.2422785584588496 96809.16668760874 0.04158223537382027
2020-02-25 -4.669905649500379 96300.03482525027 0.0425329557435879
2020-02-26 -4.30577594442218 96898.7574020039 0.041311562680704066
2020-02-27 -4.409545275167886 96863.43285281048 0.04616779406311228
2020-02-28 -1.4690209088061579 95891.17019554239 0.04781012063373289
2020-02-29 -2.2790463869347946 95622.05750824015 0.047247944500587745
2020-03-01 1.163735422420757 95474.45464335877 0.04700826389434171
2020-03-02 0.32851377903421053 96432.9942931106 0.04306972852683946
2020-03-03 -2.1562353261547855 96389.11932541779 0.04071826744393926
2020-03-04 -4.37352100583206 95938.38617713754 0.04247020946935073
2020-03-05 -4.062560068212861 96592.3321241779 0.04556891008937088
2020-03-06 -5.538722179897661 97773.86374314754 0.045184811438979795
2020-03-07 -2.829891476431669 96535.73737352905 0.04198602162037889
2020-03-08 -4.865366810289629 96693.04114379078 0.039466517377932595
2020-03-09 -5.0463210880515135 96854.71676420023 0.038049137470619714
2020-03-10 -0.45657004055624384 95548.26988164202 0.03691945050085175
2020-03-11 -0.8630866829647061 95892.8453044411 0.03865983400206163
2020-03-12 -3.7589104145436067 97760.38924079757 0.03959188290965746
2020-03-13 -5.171422709309468 97880.269973795 0.04443109404763696
2020-03-14 -8.357013909842465 97739.21107829262 0.043563950699019256
2020-03-15 -6.291853837668725 97534.81097707133 0.04286497752669712
2020-03-16 1.0124658829748228 94664.84321937517 0.056479013784920616
2020-03-17 -2.028704322571741 95849.60540550658 0.05807891676121895
2020-03-18 -3.225394918966117 98458.32980616635 0.05604042494900779
2020-03-19 -5.557532540186628 100505.23924921414 0.055276038150709646
2020-03-20 2.2894880549208096 99289.91092762903 0.059040941621689214
2020-03-21 -1.3803137484763965 98126.05078715114 0.062448292942916504
2020-03-22 0.6396829494241274 96542.59427533967 0.06768278020524027
2020-03-23 1.2479771466672105 94913.50485188124 0.07409014013215111
2020-03-24 0.0359467361625434 96548.30069026929 0.07796008645494067
2020-03-25 -0.3417412359874561 97884.20924087545 0.07982913792336159
2020-03-26 -0.7394426911018286 98601.56082090002 0.07921336072194095
2020-03-27 -2.4810784484891997 100447.7609246407 0.08139550847780036
2020-03-28 -3.135762279655353 102333.82309783336 0.08118237437219315
2020-03-29 3.4247268469762275 102189.87417928595 0.07610106930972772
2020-03-30 3.5633635983314775 101233.75515393168 0.06536256524270918
2020-03-31 3.5026290402026916 99711.88190388493 0.05011102905034485
2020-04-01 -2.7016663636127873 98498.58764310538 0.04539210277411149
2020-04-02 -4.0862986040757505 98921.37776602055 0.04658453601811663
2020-04-03 -5.633421816629436 98768.79559391834 0.045428683597958264
2020-04-04 -5.828165731208344 98121.32918899161 0.041152156660121786
2020-04-05 -3.5386001431143086 96147.67354662919 0.051550001805067275
2020-04-06 2.3162343974719874 94708.40525463635 0.050705340421105395
2020-04-07 -0.9643803574361982 97292.32515814232 0.04319661825955795
2020-04-08 -2.1640093495953465 99256.00377827296 0.041304576759483326
2020-04-09 -0.2604841814548422 99887.09645390969 0.037413037589284215
2020-04-10 0.786556463710383 99130.84000951813 0.03476410327913008
2020-04-11 4.390741807354004 98425.9781150734 0.03208595511659831
2020-04-12 2.318964560465986 100343.51760932947 0.027836482746398505
2020-04-13 4.657881315222426 99237.60519207246 0.023386450928788802
2020-04-14 3.0410926723732246 98103.01343784652 0.02013736247739859
2020-04-15 2.066031154956079 98339.24060814304 0.017854617455960554
2020-04-16 3.087574854194429 99381.35162492881 0.01381129327014724
2020-04-17 5.850846858718285 99185.75044737321 0.008129834066445745
2020-04-18 5.0365641772770005 98674.90666053585 0.0030806642415957177
2020-04-19 6.123955706014215 98965.88780247168 0.001669635171756238
2020-04-20 7.50898127504405 99476.5567153031 0.00025352543193804013
2020-04-21 6.445605925864072 100051.92901032051 1.3877787807814457e-17
2020-04-22 4.230310025996005 100610.36613844999 1.3877787807814457e-17
2020-04-23 4.510359965649457 100205.81813551951 1.3877787807814457e-17
2020-04-24 4.818984068841644 99272.18422576699 1.3877787807814457e-17
2020-04-25 5.492663356093033 99339.53832972671 1.3877787807814457e-17
2020-04-26 5.568969098077275 99762.29163706167 1.3877787807814457e-17
2020-04-27 5.0364022184553505 99884.34448929038 1.3877787807814457e-17
2020-04-28 5.296137894475692 99405.26334426294 1.3877787807814457e-17
2020-04-29 4.583866133716185 98424.27539448957 1.3877787807814457e-17
2020-04-30 4.590043705914411 98213.92957706742 1.3877787807814457e-17
2020-05-01 3.5588056143499784 98691.85103131883 1.3877787807814457e-17
2020-05-02 1.5105123966051224 99114.74239707954 1.3877787807814457e-17
2020-05-03 1.846924006202073 99781.01235958887 1.3877787807814457e-17
2020-05-04 6.382765903053553 99192.80063097982 1.3877787807814457e-17
2020-05-05 6.431006494938686 99182.95246327866 1.3877787807814457e-17
2020-05-06 5.0464668023738 99755.31508461545 1.3877787807814457e-17
2020-05-07 5.451363856565479 99329.08270495241 1.3877787807814457e-17
2020-05-08 3.567736486516708 99562.9352703266 1.3877787807814457e-17
2020-05-09 2.2376612319843048 100412.52841439778 1.3877787807814457e-17
2020-05-10 3.365218548497296 100636.183064059 1.3877787807814457e-17
2020-05-11 5.415432135127787 100478.04173934793 1.3877787807814457e-17
2020-05-12 3.745081396252715 100098.83205948403 1.3877787807814457e-17
2020-05-13 5.037443382308936 99642.0335443673 1.3877787807814457e-17
2020-05-14 5.743514433895712 99278.2956120787 1.3877787807814457e-17
2020-05-15 5.3696671995168685 99568.49442293546 1.3877787807814457e-17
2020-05-16 5.003640262527654 99288.64999400747 1.3877787807814457e-17
2020-05-17 5.017684406064404 99268.6959495439 1.3877787807814457e-17
2020-05-18 5.514041920554348 99171.64087626495 1.3877787807814457e-17
2020-05-19 5.537063210207009 99212.19323784551 1.3877787807814457e-17
2020-05-20 6.010121791350002 97919.47856669857 1.3877787807814457e-17
2020-05-21 8.028799681702651 97961.42071643136 1.3877787807814457e-17
2020-05-22 10.410126510763803 97864.44847820787 1.3877787807814457e-17
2020-05-23 9.48108443567736 97683.79442620989 1.3877787807814457e-17
2020-05-24 6.003550890584904 97663.39859478398 1.0923440454257046e-05
2020-05-25 5.5941189893862315 97178.23367512994 1.1558524201594223e-05
2020-05-26 5.415547820000427 98392.51275267964 1.3877787807814457e-17
2020-05-27 5.974675946377317 99470.6017952072 1.3877787807814457e-17
2020-05-28 7.827924468874528 99247.32450524293 1.3877787807814457e-17
2020-05-29 8.790214376353731 98158.0343224422 1.3877787807814457e-17
2020-05-30 7.285871429697124 98921.71831013732 1.3877787807814457e-17
2020-05-31 6.838494890277161 99432.41483465392 1.3877787807814457e-17
2020-06-01 7.342186825691613 99876.1990421731 1.3877787807814457e-17
2020-06-02 8.054088394858695 100326.45358791086 1.3877787807814457e-17
2020-06-03 7.849002252666935 99741.54605762397 1.3877787807814457e-17
2020-06-04 8.362064662764169 99120.0898601023 1.3877787807814457e-17
2020-06-05 5.6729466615936985 99761.64736440832 1.3877787807814457e-17
2020-06-06 7.492183831538739 99685.96373543038 1.3877787807814457e-17
2020-06-07 7.996315369469187 99029.79044578846 1.3877787807814457e-17
2020-06-08 8.047887685685907 98037.16877267467 1.3877787807814457e-17
2020-06-09 7.764876213293235 98316.67265748586 1.3877787807814457e-17
2020-06-10 10.007126688483197 100051.17429092659 1.3877787807814457e-17
2020-06-11 8.712196498254627 100639.29398058518 1.3877787807814457e-17
2020-06-12 8.214011162777183 99610.90597131567 1.3877787807814457e-17
2020-06-13 7.008806159757455 99469.57095896185 1.3877787807814457e-17
2020-06-14 7.9411568222009805 99373.98850889056 1.3877787807814457e-17
2020-06-15 8.261673330299175 98677.46534335912 1.3877787807814457e-17
2020-06-16 7.663119799331241 99234.32860543544 1.3877787807814457e-17
2020-06-17 7.504747208705965 99614.4770825942 1.3877787807814457e-17
2020-06-18 8.629967690791943 99131.87084576348 1.3877787807814457e-17
2020-06-19 10.941675363506647 99029.16458092521 1.3877787807814457e-17
2020-06-20 10.79445479460253 98095.05206863019 1.3877787807814457e-17
2020-06-21 13.486673150359422 97697.29654024499 1.3877787807814457e-17
2020-06-22 9.671617420892687 97327.74174628624 1.3877787807814457e-17
2020-06-23 8.931187962135994 97507.1624763478 1.3877787807814457e-17
2020-06-24 10.539392787436327 97641.54854794056 1.3877787807814457e-17
2020-06-25 8.609398920438991 98852.13686357606 1.3877787807814457e-17
2020-06-26 9.438512402550884 98830.0935349366 1.3877787807814457e-17
2020-06-27 12.336163955117343 98244.09994503406 1.3877787807814457e-17
2020-06-28 13.382973230537289 98142.33247749067 1.3877787807814457e-17
2020-06-29 13.553539006737367 98695.541793233 1.3877787807814457e-17
2020-06-30 10.092502124481314 99198.63590044012 1.3877787807814457e-17
2020-07-01 10.413180591401158 99010.33341165743 1.3877787807814457e-17
2020-07-02 10.667132023790202 98347.91988117312 1.3877787807814457e-17
2020-07-03 9.756668939247504 97926.73123599624 1.3877787807814457e-17
2020-07-04 9.341661027188252 97640.35204158434 1.3877787807814457e-17
2020-07-05 11.929346532040086 98238.59601579548 1.3877787807814457e-17
2020-07-06 12.179225856912637 98955.4966049627 1.3877787807814457e-17
2020-07-07 10.580183273524312 99047.60918660097 1.3877787807814457e-17
2020-07-08 8.248323295998091 98937.07961097208 1.3877787807814457e-17
2020-07-09 9.705166033954299 99032.14664292068 1.3877787807814457e-17
2020-07-10 9.677494212422118 99234.24577038 1.3877787807814457e-17
2020-07-11 9.8259873149251 98858.11019146208 1.3877787807814457e-17
2020-07-12 10.01950496985421 98676.21361363264 1.3877787807814457e-17
2020-07-13 10.960346901948526 98617.29948143176 1.3877787807814457e-17
2020-07-14 10.935867982900845 98561.1465177452 1.3877787807814457e-17
2020-07-15 10.266376488038475 97863.75818607929 1.3877787807814457e-17
2020-07-16 10.393907491621633 95988.94317263504 1.3877787807814457e-17
2020-07-17 6.876508939422138 96896.30916592118 1.3877787807814457e-17
2020-07-18 7.489291709723091 98286.9256686914 1.3877787807814457e-17
2020-07-19 9.329907444129447 99211.36488729122 1.3877787807814457e-17
2020-07-20 9.057747212789025 99347.61934957867 1.3877787807814457e-17
2020-07-21 9.019964533389327 99421.4714034421 1.3877787807814457e-17
2020-07-22 10.520073413707735 99074.41092898011 1.3877787807814457e-17
2020-07-23 10.631107754454376 98602.98742463246 1.3877787807814457e-17
2020-07-24 9.332637607123445 98400.75023874741 1.3877787807814457e-17
2020-07-25 8.693108494271314 98205.66447931451 1.3877787807814457e-17
2020-07-26 10.84496280999116 98490.99442969098 1.3877787807814457e-17
2020-07-27 9.890169282258114 98794.46525720663 1.3877787807814457e-17
2020-07-28 9.329768622282302 98943.35666739468 1.3877787807814457e-17
2020-07-29 10.499481506380278 98906.78959236982 1.3877787807814457e-17
2020-07-30 10.766875520968483 99057.99118021487 1.3877787807814457e-17
2020-07-31 11.198287547966117 97412.64767810206 1.3877787807814457e-17
2020-08-01 12.322952742663404 96224.06587552582 1.3877787807814457e-17
2020-08-02 10.357929496234874 97102.26472540553 1.3877787807814457e-17
2020-08-03 9.743920466284067 97703.48155771712 1.3877787807814457e-17
2020-08-04 8.975819185995192 97009.09369583677 1.3877787807814457e-17
2020-08-05 9.64989180181351 95965.3996091028 1.3877787807814457e-17
2020-08-06 9.631197126397126 97275.75814705633 1.3877787807814457e-17
2020-08-07 9.197864730513913 97234.6903673531 1.3877787807814457e-17
2020-08-08 8.510395806445445 98633.60878345644 1.3877787807814457e-17
2020-08-09 11.002201688864659 98436.96756576044 1.3877787807814457e-17
2020-08-10 10.983992889913338 98424.21096722421 1.3877787807814457e-17
2020-08-11 10.951601125577952 98971.56660571614 1.3877787807814457e-17
2020-08-12 9.557274492788963 99539.18001720826 1.3877787807814457e-17
2020-08-13 10.126536614007989 98709.95509287783 1.3877787807814457e-17
2020-08-14 9.82513124686767 98369.36495663447 1.3877787807814457e-17
2020-08-15 11.131953842002247 98751.74998028984 1.3877787807814457e-17
2020-08-16 11.588400075436141 99384.5729881955 1.3877787807814457e-17
2020-08-17 13.168632298535499 99180.51343109102 1.3877787807814457e-17
2020-08-18 12.575053217090442 98801.38658628256 1.3877787807814457e-17
2020-08-19 9.583419274002495 98987.78386879033 1.3877787807814457e-17
2020-08-20 10.527037643039819 98552.2095356538 1.3877787807814457e-17
2020-08-21 11.538956360875716 98092.13443390005 1.3877787807814457e-17
2020-08-22 9.863353528783364 98513.44272971251 1.3877787807814457e-17
2020-08-23 10.603343385024061 98826.67888987386 1.3877787807814457e-17
2020-08-24 9.106357996266581 98612.7435533831 1.3877787807814457e-17
2020-08-25 9.184005682773261 98508.38979133127 1.3877787807814457e-17
2020-08-26 7.9515684607374055 98990.93160089669 1.3877787807814457e-17
2020-08-27 8.32870114549877 99520.91948943345 1.3877787807814457e-17
2020-08-28 8.82515120788679 99582.49354730315 1.3877787807814457e-17
2020-08-29 9.711227921279885 99387.10405933368 1.3877787807814457e-17
2020-08-30 10.887048966652571 98306.46553787787 1.3877787807814457e-17
2020-08-31 10.86176025349647 97323.2134299227 1.3877787807814457e-17
2020-09-01 10.190602896468306 96818.03003853974 1.3877787807814457e-17
2020-09-02 9.252051524851993 96628.76114077705 1.3877787807814457e-17
2020-09-03 6.95584562506923 96844.12308100022 1.3877787807814457e-17
2020-09-04 6.359443832732097 98602.61926883052 1.3877787807814457e-17
2020-09-05 6.758556643292479 98872.70756900786 1.3877787807814457e-17
2020-09-06 9.7889681556847 97460.16738823381 1.3877787807814457e-17
2020-09-07 8.125003221778513 96870.29895851614 1.3877787807814457e-17
2020-09-08 6.587458716678327 97585.98463353705 1.3877787807814457e-17
2020-09-09 5.178694611785602 98509.31938473112 1.3877787807814457e-17
2020-09-10 8.688990112805811 96542.14328448231 1.3877787807814457e-17
2020-09-11 8.466528102745599 95654.17910195689 1.3877787807814457e-17
2020-09-12 7.333232816550321 96884.39932572935 1.3877787807814457e-17
2020-09-13 6.40574091875709 97928.71007343153 1.3877787807814457e-17
2020-09-14 6.894625190475381 98883.3840872633 1.3877787807814457e-17
2020-09-15 6.431492371403692 99711.59658313845 1.3877787807814457e-17
2020-09-16 7.897127159679485 99264.58180845751 1.3877787807814457e-17
2020-09-17 8.399939890061944 98566.30990286701 1.3877787807814457e-17
2020-09-18 7.610344360439171 99505.31888732745 1.3877787807814457e-17
2020-09-19 7.576865158301132 98600.88893656155 1.3877787807814457e-17
2020-09-20 6.462611602140157 97188.10945451625 1.3877787807814457e-17
2020-09-21 3.4776873816645093 97298.49176782435 0.00015699270234239998
2020-09-22 2.9643473278730426 96985.54092840948 7.024026245578835e-05
2020-09-23 2.140000062513252 97462.83651779767 0.00041725002200223085
2020-09-24 1.7584944895666013 98784.01883632736 0.0007373322306614705
2020-09-25 2.1367377491051798 99205.33633603489 1.3877787807814457e-17
2020-09-26 8.186293067295935 98294.49127042071 1.3877787807814457e-17
2020-09-27 6.494216709341629 97387.82477315818 1.3877787807814457e-17
2020-09-28 5.126960336747118 97165.27459090267 1.3877787807814457e-17
2020-09-29 4.423827680925115 96906.35061541833 1.3877787807814457e-17
2020-09-30 2.421762138281622 96667.06775196594 1.3877787807814457e-17
2020-10-01 3.255456741349576 97573.44892848197 1.3877787807814457e-17
2020-10-02 3.095533973431145 98378.53203610204 1.3877787807814457e-17
2020-10-03 2.99990885771831 97437.66386484196 1.3877787807814457e-17
2020-10-04 3.919973786689013 97930.77174592223 1.3877787807814457e-17
2020-10-05 2.7894549374367443 97818.9996444619 1.3877787807814457e-17
2020-10-06 3.8842040240729716 97420.71029016393 1.3877787807814457e-17
2020-10-07 4.082279662983524 97960.07694775438 1.3877787807814457e-17
2020-10-08 4.301178578966812 97864.41166262767 1.3877787807814457e-17
2020-10-09 5.564943264509907 99292.2947364464 1.3877787807814457e-17
2020-10-10 4.981058575390932 100271.31305267957 1.3877787807814457e-17
2020-10-11 7.149224458151139 99261.68258151745 1.3877787807814457e-17
2020-10-12 5.399698992450624 99825.26468697864 1.3877787807814457e-17
2020-10-13 4.922128701275199 100241.30835482379 1.3877787807814457e-17
2020-10-14 8.007652486986558 100086.93142318726 1.3877787807814457e-17
2020-10-15 7.718301483573953 100594.76553634398 1.3877787807814457e-17
2020-10-16 6.041472391831746 101090.72662488907 1.3877787807814457e-17
2020-10-17 5.273625618262599 101202.39748350387 1.3877787807814457e-17
2020-10-18 5.35164349636176 99146.00802855687 1.3877787807814457e-17
2020-10-19 3.340508259704336 99654.88218185399 1.3877787807814457e-17
2020-10-20 -0.09926574296292756 99442.77842047771 1.3877787807814457e-17
2020-10-21 1.7811918615758486 98520.84266133094 0.0002810880665725865
2020-10-22 4.041720546640761 96787.90569004834 0.00035818723349963455
2020-10-23 4.9185193332492645 95709.35645276839 1.3877787807814457e-17
2020-10-24 5.018818117816181 95669.06180024917 1.3877787807814457e-17
2020-10-25 4.846771575246464 96276.47285392792 1.3877787807814457e-17
2020-10-26 3.0349151001749988 97116.04295629206 1.3877787807814457e-17
2020-10-27 3.1750788918489548 96188.87938475814 1.3877787807814457e-17
2020-10-28 4.530234626766685 96064.17581075565 1.3877787807814457e-17
2020-10-29 5.89390476830971 96028.34504733462 1.3877787807814457e-17
2020-10-30 3.9528051535402824 95563.02372540363 0.0002138962061040417
2020-10-31 4.275589085141917 95663.65911385613 1.3877787807814457e-17
2020-11-01 1.7772354389319958 95058.8159468957 1.3877787807814457e-17
2020-11-02 1.3687290167143829 95618.79012549816 7.112937970206225e-05
2020-11-03 3.1194113311411797 98337.95206283634 0.00011329894052541807
2020-11-04 6.53232330638474 98454.93356889374 1.549604343510184e-05
2020-11-05 5.987609515136967 97491.98525341401 5.96978722500717e-06
2020-11-06 1.7419052788320073 97881.42046067597 0.0012511149822593364
2020-11-07 3.572872894861348 98591.49175971776 0.0007012594738125712
2020-11-08 2.5740728415813123 98890.48029034515 1.3877787807814457e-17
2020-11-09 5.92289539738988 97748.61745903146 1.3877787807814457e-17
2020-11-10 2.6150715604400148 97653.59644655809 5.2457917530275684e-05
2020-11-11 0.654120421527864 96911.872952447 0.001501464995460669
2020-11-12 2.9088417259869743 95976.17737020376 0.00280008424202101
2020-11-13 0.8251720741929489 95297.96995581743 0.0010797693872270687
2020-11-14 -1.3747840115648842 96236.89610522245 0.00018760373896417083
2020-11-15 0.31840292116663704 96906.91205301625 1.3877787807814457e-17
2020-11-16 -0.13087085016439914 97289.20503772114 9.958113158288542e-05
2020-11-17 -3.3980430228734235 98231.60105555916 1.3877787807814457e-17
2020-11-18 -7.308955237798216 99521.36127639574 1.3877787807814457e-17
2020-11-19 -4.675042057844962 99211.73304309312 0.00038613091838258715
2020-11-20 1.4931133917621082 96270.56395330724 0.005024020508455383
2020-11-21 0.5996328465209331 96400.41250464144 0.007426288291142759
2020-11-22 -0.798164332446845 97831.30525214078 0.008716397415488747
2020-11-23 -2.5346174075405656 96938.47220913511 0.00897436843365816
2020-11-24 -1.499260934510687 97196.35614447907 0.006493858333298523
2020-11-25 -2.870982743188506 98466.8710207707 0.004234484393762593
2020-11-26 1.577031198365205 96338.37825201933 0.009727450741253646
2020-11-27 0.3206009337465616 96859.99059606262 0.00954480065551873
2020-11-28 0.22041783405228443 97881.04310097902 0.010574525443455418
2020-11-29 0.8132333953379316 97652.7865037939 0.014121722205846914
2020-11-30 -2.2430452545735307 98834.98080320699 0.011604885315139446
2020-12-01 3.4874743218886692 96178.50659503927 0.01048078708234807
2020-12-02 -2.8918060202612423 96778.31523140856 0.008114083989511718
2020-12-03 -6.294283219993872 98831.67660488484 0.008115735207254803
2020-12-04 -6.577410377259184 100119.59604671184 0.007007260034647986
2020-12-05 -6.2379446870248785 99594.63348487117 0.007082199916834077
2020-12-06 -1.8367137079612235 98722.42637066758 0.008773554952749327
2020-12-07 2.044791412341908 98796.56374527751 0.015742328912308517
2020-12-08 0.921768942835854 98545.66556627482 0.025373246923966513
2020-12-09 1.0829411073786446 97049.84854310837 0.029918033236679298
2020-12-10 4.169575467867219 95295.48490415454 0.03278607143966566
2020-12-11 5.855266020852582 95780.80629002437 0.02229601213460643
2020-12-12 5.593957030564582 97032.5544243136 0.010672074307046808
2020-12-13 5.378528660760026 97103.81097977357 0.0063573153276204756
2020-12-14 4.7003145265017 96719.64960437395 0.004656561052244597
2020-12-15 5.1152298906628175 96988.80831115146 0.004336097793336953
2020-12-16 4.080174198301734 97789.05937387144 0.004269922066864152
2020-12-17 2.7132880172995897 97221.37233121895 0.004162211863315328
2020-12-18 3.5769218654032784 96332.83750720059 0.0007165014837487259
2020-12-19 -0.20467779889992244 96408.71441797452 1.3877787807814457e-17
2020-12-20 -1.263633985945603 96458.55350965832 1.3877787807814457e-17
2020-12-21 -0.26781860237935007 97268.06369079638 0.0006131098496818156
2020-12-22 -5.1353290290500695 98864.94868548257 1.5242009936167431e-05
2020-12-23 -2.9124442015377667 99994.64396754307 0.00032249552689914027
2020-12-24 4.232022162110866 99046.56914646056 0.0015922819713302557
2020-12-25 1.561529425433207 96096.27899668233 0.0022081861895003538
2020-12-26 -4.4484153923702365 94673.68816251609 0.004276653954585952
2020-12-27 0.8350978362643104 97007.35415967274 0.003840478436913006
2020-12-28 -2.8518716022306876 99400.98353306572 0.0021040324549366322
2020-12-29 -3.986578243871975 98648.96088039615 0.0013217362949635165
2020-12-30 -4.960598597435478 98666.52191214733 0.001571324207668042
2020-12-31 -4.513337742888041 99736.50232313777 0.0012131369741684185
2021-01-01 -4.043873922995829 99780.85367653509 0.0013967809848407925
2021-01-02 3.935299234607214 99086.27092481079 0.0013346612610810498
2021-01-03 5.565854338298038 99056.85225954861 0.00025958051366164244
2021-01-04 1.842806102216457 99745.84771722835 0.0005589788327832612
2021-01-05 0.14108730177991902 99690.32352855623 0.0007919648022777058
2021-01-06 -2.972637430919974 99782.89532754489 0.0
2021-01-07 -7.273609002994419 100404.54536454915 0.00011718375212818831
2021-01-08 1.7872673691474006 97870.282474097 0.0016730385967000452
2021-01-09 -6.884261951376004 99039.09498172674 0.0012642523287497121
2021-01-10 -9.044863899793711 98995.99507500038 0.0007673438791989826
2021-01-11 -7.017099182634297 98830.38157636228 0.0004790965192272469
2021-01-12 -1.7895221925176088 98838.66443099278 0.0016952418339453857
2021-01-13 3.32349677064218 97937.25734601269 0.0010269737333878362
2021-01-14 2.7897440050432465 98541.08471423748 0.0017459638959191868
2021-01-15 2.767658719846281 98264.13947743883 0.003426008847483316
2021-01-16 1.4915198595542165 97365.90748673379 0.005078620465917646
2021-01-17 0.06539136396764889 97683.14808474357 0.006418758525519211
2021-01-18 -0.31669408594200377 98016.90353238063 0.004039015557563572
2021-01-19 -1.258448707549121 98304.78359042392 0.0036913622028287457
2021-01-20 -3.209991646772494 98628.49789323698 0.0029930457211991674
2021-01-21 -2.8410021199444486 98536.77617669723 0.0024579477035864515
2021-01-22 -4.6639395889052935 98552.1212547495 0.0022935944074437176
2021-01-23 -3.5791063736299975 98304.82718439563 0.002142118988903281
2021-01-24 -3.8068201872139866 98630.26344909244 0.0020668253443779684
2021-01-25 -4.5004533904348705 98916.15998142159 0.0019309908729636947
2021-01-26 -4.202151800240642 98915.62232243677 0.0020361355364521866
2021-01-27 -2.5625322144168763 99087.37530542817 0.0014219446537188445
2021-01-28 -6.345075504498425 98730.18809798115 0.0008621270319729817
2021-01-29 -5.039965357389065 98723.64173655829 0.0007625578480594314
2021-01-30 -4.605020455040915 98941.24104649566 0.0006484825491455907
2021-01-31 -5.307492780341761 98477.90251786313 0.0008490517922618377
2021-02-01 -5.4685751382465355 98369.71681132978 0.00047603740654011034
2021-02-02 -0.36737505786788915 98307.01414864456 0.0005246378258438013
2021-02-03 0.0023155891250894456 99038.06325772894 0.00041648339019538516
2021-02-04 0.6334489376389456 99747.15553638052 9.951984338634097e-05
2021-02-05 1.1948458697429487 99809.78554244614 0.0
2021-02-06 0.7780299316607966 100227.0815712599 0.0
2021-02-07 0.143791622416245 100203.15574643691 0.0
2021-02-08 0.32703438553568276 100172.77801379647 0.0
2021-02-09 -1.4759461987291047 100190.85498074442 2.3486090952849644e-05
2021-02-10 -0.510829251624557 99669.7108455854 0.00952173494134642
2021-02-11 1.2552423639550625 99404.57230946621 0.015691175782864056
2021-02-12 2.4348770415384138 99162.04451335587 0.015075455343787148
2021-02-13 3.575299069894527 98161.34489207726 0.009362907784251416
2021-02-14 3.9907127676467553 96013.34638822234 0.007009611338881339
2021-02-15 3.4592136025781315 95488.86004856334 0.004799057038735197
2021-02-16 2.781981603216593 96184.05311589199 0.0016089945923790396
2021-02-17 1.183077066973624 95599.4652205282 0.0012455029284092025
2021-02-18 0.1954241145660376 95897.8150974509 0.0016824132968702998
2021-02-19 0.11860137648869795 95590.52845632161 0.0004419924427639203
2021-02-20 2.49224369503753 94991.52548763598 0.0011227930372332852
2021-02-21 1.4437685683176937 95386.83562336913 8.866492739972864e-05
2021-02-22 0.07220224557033816 96650.0872051104 0.0
2021-02-23 1.1776684257009151 96087.1001227435 0.0003201213405506047
2021-02-24 1.8273063385691444 96119.09083233828 0.0
2021-02-25 0.37375903653054365 97493.93571607053 7.845143826687121e-05
2021-02-26 5.604791547460479 97128.0151829517 0.0
2021-02-27 5.275565549989267 97878.63071968511 0.0
2021-02-28 1.7332811164437771 98614.5114939706 0.0011342400395464383
2021-03-01 2.235007714506594 99583.8234555968 0.0006017077293487407
2021-03-02 3.292372043318096 99874.48626216943 0.00043414729893723365
2021-03-03 3.0022585350506574 100971.77559349868 0.00018463225282681385
2021-03-04 2.5396193861856204 101045.64557861113 0.00013647589826803019
2021-03-05 3.3601302992624937 100062.77589177398 0.0
2021-03-06 2.8595555414707405 99819.8848125658 0.0
2021-03-07 1.987787736332507 99373.08293054644 0.0
2021-03-08 3.7336520671570383 98120.03960385414 0.0002465052739504964
2021-03-09 0.5890279671861549 96889.43264128377 0.0005560677416777618
2021-03-10 -1.9197803031690341 94909.29999127348 0.001373985661268908
2021-03-11 -2.4522560284675023 94671.69831396967 0.0006484825491455916
2021-03-12 0.02617871474041067 95510.30828265911 0.00011052278095458606
2021-03-13 -3.7184790464261823 96766.3741247253 0.0
2021-03-14 -2.4407125857511573 97874.13327493398 0.0
2021-03-15 3.062705109274532 98166.5398403762 0.0006958987957961972
2021-03-16 3.9255837123210426 99308.84721318838 9.858237336931592e-05
2021-03-17 6.582453537516983 99970.10963917988 0.0
2021-03-18 6.714113888498389 100284.78545851896 0.0
2021-03-19 5.579626341538756 99483.02692727327 0.0
2021-03-20 2.4377065622041982 99824.04803686692 7.943824881110884e-05
2021-03-21 5.0582683788564395 98304.65280850868 0.0
2021-03-22 1.5950853239244793 96637.48128161575 0.0021601282813356122
2021-03-23 -0.08602555166271486 96316.14285026245 0.004223401107754325
2021-03-24 -1.3640924924084743 96431.23093565456 0.003562484745751344
2021-03-25 -2.8077489921195706 95919.86638148909 0.003955827428684361
2021-03-26 -6.83643554012184 96150.26052213197 0.0076083092960701525
2021-03-27 -7.0862095988969145 95945.0273688447 0.006243747675498711
2021-03-28 -1.7019322519065554 94860.24224174272 0.008719951374153554
2021-03-29 -3.3352918362572836 96929.68440852319 0.007099509779461363
2021-03-30 -2.2600239032327636 99585.5962771142 0.00653441272130383
2021-03-31 -0.06045970564673553 100838.13827313147 0.005366078377453992
2021-04-01 3.5216633772733417 100762.13944906573 0.003556169158268225
2021-04-02 3.2438695519048224 101151.17931853035 0.0015100174947920303
2021-04-03 4.351113572453755 99717.22827478142 0.0012761433958077733
2021-04-04 -6.075044080956502 100110.73652634931 0.00029762206014199354
2021-04-05 -7.357067342633229 101238.86132702227 0.0001633171450712865
2021-04-06 -4.9299145314926704 100680.26270447714 0.0003031481991897219
2021-04-07 -3.527473881480205 98697.6451980777 0.0045764325799552445
2021-04-08 -5.639172698390325 99147.97092614598 0.0063926573866241315
2021-04-09 -5.655774222296884 100038.06537545969 0.007625085075322187
2021-04-10 -3.4277645780172747 99746.78498762073 0.008026815647881222
2021-04-11 1.5134298647099058 99079.20143572702 0.01243756273745901
2021-04-12 3.755086312200831 100006.35802668119 0.010280542909337748
2021-04-13 3.8890753837301304 100264.25996349166 0.005865799237055797
2021-04-14 4.906125303055205 99745.77506060876 0.0028274095713489242
2021-04-15 6.804833829845961 97847.032355836 0.0012673607819640607
2021-04-16 4.552259939786097 97236.69495449809 0.0011921164779659609
2021-04-17 3.2335280294713584 98073.4885076984 0.0012905508297536396
2021-04-18 1.2557181240669593 97982.24632484779 0.002121297286419872
2021-04-19 0.04909032013182468 98507.68446622312 0.005500580654633546
2021-04-20 0.8226762621666808 99507.2506442365 0.003350567181376369
2021-04-21 3.5274225786285456 99573.41176201303 0.0010855902797155363
2021-04-22 5.369941332197129 99581.63649134788 0.0004418937617094978
2021-04-23 6.440376544084472 99996.21516258984 0.000306898079257825
2021-04-24 6.731566772605277 100264.77582549058 0.0
2021-04-25 6.158651437790866 100035.84208290097 0.0
2021-04-26 5.9989713202160715 100588.03965726234 0.0
2021-04-27 5.243213862376535 100703.32391552727 0.0
2021-04-28 6.481141673676973 100248.87129146764 0.0
2021-04-29 4.86298137290288 100265.05192064494 0.0
2021-04-30 3.0902991957677273 100010.71742385515 0.0
2021-05-01 1.7588469624597565 99838.23787466809 2.309136673515581e-05
2021-05-02 2.6603622945980305 100000.81432660834 0.0
2021-05-03 2.8088495295390317 99873.0694580879 0.0
2021-05-04 2.8775342657013994 99833.97293109959 0.0
2021-05-05 3.0385665435944134 99648.05917295483 0.0
2021-05-06 2.3837703895123354 99342.85051114514 0.0
2021-05-07 1.0403490333878267 99364.95992047898 0.00018941828396636454
2021-05-08 1.6082563670238414 99120.81914741428 0.003430844219150079
2021-05-09 2.0799599980218204 98957.68323950337 0.001983735896553182
2021-05-10 2.64546349109213 99328.29012458418 0.0006389104868664893
2021-05-11 2.2068126678719295 99463.96183029923 0.0002851389067573898
2021-05-12 2.8369193761441807 99851.0690336834 0.0001189106705806045
2021-05-13 3.0279746211019187 99956.86433743306 0.0
2021-05-14 3.091050395944535 99582.61735571199 7.006354864085365e-05
2021-05-15 3.5030586528954473 99346.66498367234 0.000306996760312249
2021-05-16 3.3346896532760297 99200.13837899415 0.00022504214461333458
2021-05-17 4.042069819731751 99363.23795859529 0.00020698351165378964
2021-05-18 4.42277806931736 99700.44459566171 0.0004268942414370899
2021-05-19 3.513224895287692 99993.85382245395 0.0
2021-05-20 4.297377719809049 99589.21457676857 0.0
2021-05-21 5.051332297224292 99017.98823374293 0.0
2021-05-22 3.357100458549553 98067.60332151358 6.463609064754894e-06
2021-05-23 5.954900909845719 98050.23112377543 0.0
2021-05-24 5.646332917235668 99067.88880006065 0.0
2021-05-25 6.406472376106365 99895.4694939 0.0
2021-05-26 7.398958049651185 100034.62871735422 0.0
2021-05-27 6.867008164476431 99500.95131532014 0.0
2021-05-28 8.59877497198363 98482.86496497947 0.0
2021-05-29 7.095473178237228 98674.96180144926 0.0
2021-05-30 6.921745617356862 98120.99867123242 0.0
2021-05-31 6.5127672011189475 98321.26937740335 0.0
2021-06-01 6.254654820381745 97786.4004068084 0.0
2021-06-02 6.749645656859514 98440.63693768787 0.0
2021-06-03 6.807112470382151 98783.62704167176 0.0
2021-06-04 8.556181921960956 98425.58975177583 0.0
2021-06-05 7.885685684184466 98714.90841088649 0.0
2021-06-06 7.655117309928755 98269.61052089214 0.0
2021-06-07 8.058061084746612 98047.52829752758 0.0
2021-06-08 8.327266188094086 98180.91858538828 0.0
2021-06-09 7.940923937182731 97175.70698803465 0.0
2021-06-10 7.185567119437451 95923.47741548151 0.0
2021-06-11 5.742361339832371 97090.8077280721 0.0
2021-06-12 5.6193147508779475 98654.69787025238 0.0
2021-06-13 5.364207170847806 97591.55715011903 0.0
2021-06-14 5.492161600957161 98491.64188462302 0.0
2021-06-15 5.816329517238103 98324.1393138762 0.0
2021-06-16 6.034427968559498 97921.04038852562 0.0
2021-06-17 5.510490885270258 98363.08326196343 0.0
2021-06-18 6.067155256260662 98537.20485075266 0.0
2021-06-19 6.332178678624075 98841.40358555039 0.0
2021-06-20 6.943880982565588 99259.40438357391 0.0
2021-06-21 7.256029696018288 98515.93099254383 0.0
2021-06-22 7.166837195030098 98114.00183876825 0.0
2021-06-23 9.042133316311606 99513.12129909739 0.0
2021-06-24 9.064168521496754 100361.8596005543 0.0
2021-06-25 8.979833781651735 99552.29048270527 0.0
2021-06-26 10.894693112242976 98968.5381384665 0.0
2021-06-27 8.988197143619743 98858.31078092335 0.0
2021-06-28 10.102101805735913 99093.17330366951 0.0
2021-06-29 10.073205638936258 99306.36235679925 0.0
2021-06-30 10.144068855611351 99287.90757542953 0.0
2021-07-01 10.688939383826494 99594.32233712403 0.0
2021-07-02 12.884121580381304 99592.05545059359 0.0
2021-07-03 13.161139165567135 99038.17224265829 0.0
2021-07-04 10.714730589895453 98507.03782230896 0.0
2021-07-05 10.771696603300313 98459.2225009728 0.0
2021-07-06 9.206345674952956 98268.3099674019 0.0
2021-07-07 9.701586911489585 98458.60491970647 0.0
2021-07-08 10.371907869224799 98869.06396061908 0.0
2021-07-09 11.121730845667912 99118.03639888491 0.0
2021-07-10 11.566541510337629 99179.16241292555 0.0
2021-07-11 11.579086553289642 99238.79170060313 0.0
2021-07-12 10.596516722078206 98551.24937531473 0.0
2021-07-13 9.068375242486638 98567.17570632353 0.0
2021-07-14 8.8292682262217 97977.85059936404 0.0
2021-07-15 9.06454412158513 98090.70812653548 0.0
2021-07-16 9.536698472689238 97726.26252279384 0.0
2021-07-17 10.323630737864562 99206.85185064205 0.0
2021-07-18 8.872286956344567 99545.80224657805 0.0
2021-07-19 10.42664532210523 99437.6528683545 0.0
2021-07-20 11.409891233475776 99578.73022656523 0.0
2021-07-21 11.722240266975575 99643.97587093525 0.0
2021-07-22 11.448527962567482 99384.31564393132 0.0
2021-07-23 11.690689859551355 98548.63373701036 0.0
2021-07-24 10.671711859772643 97975.06785083469 0.0
2021-07-25 8.748764607278133 97824.7921645869 0.0
2021-07-26 8.77600813368889 98094.0357997116 0.0
2021-07-27 11.281410963242706 98761.71380521072 0.0
2021-07-28 13.368720814413848 98825.58623947094 0.0
2021-07-29 15.316808232824087 98865.38753566904 0.0
2021-07-30 16.16205867172249 99108.47478775006 0.0
2021-07-31 12.494373888668633 99097.99043754673 0.0
2021-08-01 11.519566459283794 98883.52262791265 0.0
2021-08-02 10.695474825364329 98519.3313223395 0.0
2021-08-03 11.206315985571905 98009.39810357949 0.0
2021-08-04 11.682426657606868 97944.50847664535 0.0
2021-08-05 12.507595011779756 98062.73532800267 0.0
2021-08-06 11.756795475106856 98214.83469540156 0.0
2021-08-07 11.659164492133016 98276.4620401172 0.0
2021-08-08 13.03824281664805 98663.62010313505 0.0
2021-08-09 12.997202246990696 98784.22282595218 0.0
2021-08-10 12.619724158165184 98833.78917181992 0.0
2021-08-11 11.325806893689673 98656.36897250242 0.0
2021-08-12 12.687707774162618 98452.15301188904 0.0
2021-08-13 12.702431297627243 98742.51066065952 0.0
2021-08-14 11.57868591319533 99150.7609403373 0.0
2021-08-15 10.217936872993448 98722.04329092785 0.0
2021-08-16 11.364794182863875 98553.50899618321 0.0
2021-08-17 11.226448150309238 98961.38146143926 0.0
2021-08-18 11.205564785395097 99259.62235343263 0.0
2021-08-19 10.87486142757632 99076.4114215357 0.0
2021-08-20 10.235539997135675 99058.77039430516 0.0
2021-08-21 9.507852385901344 99008.17959010154 0.0
2021-08-22 11.078561875509706 99163.78100656347 0.0
2021-08-23 13.098038350718696 99162.54584403087 0.0
2021-08-24 13.746524423315918 99834.2562919159 0.0
2021-08-25 12.46467644168041 100052.14622833153 0.0
2021-08-26 11.434480519261967 99534.07546818016 0.0
2021-08-27 11.656935931608643 99062.39595962148 0.0
2021-08-28 9.593188725982088 99688.28914320837 0.0
2021-08-29 10.223595914325074 100028.99782933788 0.0
2021-08-30 11.361313622044861 100211.36594444781 0.0
2021-08-31 12.26473199463095 100873.50024987412 0.0
2021-09-01 11.597641197655832 100823.40351068357 0.0
2021-09-02 11.454061803869706 100395.97188344039 0.0
2021-09-03 11.831014052571447 99628.04953992642 0.0
2021-09-04 11.444145961536378 98217.80635114179 0.0
2021-09-05 9.347621388196899 97404.16119693512 0.0
2021-09-06 9.388211237748237 97519.82326962177 0.0
2021-09-07 9.087055086882287 98207.53270513518 0.0
2021-09-08 8.082324850456189 98892.90259749857 0.0
2021-09-09 8.736670284432194 99131.54326446219 0.0
2021-09-10 9.051297958468183 98909.63541698456 0.0
2021-09-11 8.915430886496893 98862.38681728097 0.0
2021-09-12 8.820028464047425 98538.91228131246 0.0
2021-09-13 9.6163757714383 96918.34997587092 0.0
2021-09-14 7.5879349741198325 97444.81257558214 0.0
2021-09-15 8.978606821362973 98007.62528206206 0.0
2021-09-16 9.87508911231697 97343.20955878145 0.0
2021-09-17 6.121917749146974 97243.25584724489 0.0
2021-09-18 6.760563099428509 97085.46020087208 0.0
2021-09-19 8.084753731027774 97283.58027110387 0.0
2021-09-20 8.300848981877778 97044.85968185875 0.0
2021-09-21 5.808391835370287 95978.85629091451 2.1216426701103675e-05
2021-09-22 2.792999205809167 97054.06527555773 0.00020609538216397657
2021-09-23 3.129887445083398 97101.23395297979 0.0010978267304640795
2021-09-24 3.6771618138641884 97149.4125574138 0.0002936254774378322
2021-09-25 3.7716627961014524 97212.17334539468 0.00015315299646564192
2021-09-26 4.304589241505994 96724.57477148918 6.137961585156593e-05
2021-09-27 2.0629828740268863 97383.37413807737 0.0
2021-09-28 1.1341488954602141 97224.72114359368 0.0016523649157982713
2021-09-29 3.5908489135536 97501.94247554666 0.0011388287085771429
2021-09-30 4.685022051026749 97817.13415688468 0.00010267763712789972
2021-10-01 5.728013416456122 97317.88146120084 0.0
2021-10-02 5.2517775443917 97211.50490449466 0.0
2021-10-03 5.183117848235156 97057.5019336632 0.0
2021-10-04 3.42939095556045 97767.77851521371 0.0
2021-10-05 3.658807489545154 98591.38489196282 0.0
2021-10-06 4.592348989219602 98752.11586576611 0.0
2021-10-07 7.406670371465964 97165.15724687371 0.0
2021-10-08 8.401985565676512 97777.61622150289 0.0
2021-10-09 6.713788368421831 98265.19299842254 0.0
2021-10-10 3.780977678293368 99439.46201818169 0.0
2021-10-11 2.786814324353827 99927.8452835785 0.0
2021-10-12 6.245189698154434 99226.46913792478 0.0
2021-10-13 5.119841753345497 98329.74840490667 0.0
2021-10-14 1.4556375311106535 99607.35693467413 0.0
2021-10-15 4.449671035645565 98968.02954212955 0.0
2021-10-16 2.0186871036034972 98811.69429380998 6.61163064639055e-06
2021-10-17 1.7978592916398952 98338.53985587413 0.006740656125049441
2021-10-18 7.786051500739234 97344.57550322928 0.001965430560957579
2021-10-19 5.241586261993575 97713.18433127202 0.0
2021-10-20 -0.5347925372633995 98748.6356136889 0.0
2021-10-21 3.938178835284873 98350.73163663725 0.0
2021-10-22 3.30842268709506 97862.59540374698 0.0
2021-10-23 6.564249453233344 96559.5207288217 0.0
2021-10-24 6.404819735717467 96261.27257116644 0.0
2021-10-25 3.365338620488103 96655.71809312674 0.0
2021-10-26 3.6097290779963487 95682.01767167875 0.0
2021-10-27 3.737608388088006 95667.64619232867 0.0
2021-10-28 3.1905343393544285 95619.5111818664 0.0
2021-10-29 4.805239119315388 95567.72154343994 0.0
2021-10-30 3.7337271871746793 96373.97025377482 0.0
2021-10-31 1.11191337022791 97274.21483284184 0.0
2021-11-01 0.0923594503136087 97593.96934988858 0.0
2021-11-02 -2.4672549919968674 98709.19033492666 0.0
2021-11-03 -0.894041501799336 99156.6315951982 0.00012211780484937523
2021-11-04 3.839496172063548 98663.06791282636 9.389502328418745e-05
2021-11-05 2.632567888057622 98451.84785408685 9.71021575529608e-05
2021-11-06 1.134549535554413 97282.16346702231 0.012032328987467934
2021-11-07 -0.6779712909552131 98567.38641052028 0.02077443425833962
2021-11-08 4.39283022227022 95784.04209687294 0.017751438837122845
2021-11-09 2.910336673420204 95170.81296207635 0.008587373377535262
2021-11-10 0.720888638214717 97067.23065502303 0.007286954442339251
2021-11-11 0.30224477970233465 98645.61579280668 0.007134985618526696
2021-11-12 0.05374776122772573 98785.68322400546 0.003402177372839982
2021-11-13 5.558592736589276 97575.66714742 0.0019590162924200357
2021-11-14 4.606947312654768 96322.8417905864 0.0006050628851991469
2021-11-15 2.4487492048027093 96226.23754921183 0.0014068464523920123
2021-11-16 1.087048644376921 95995.48012547113 0.0022001434489044374
2021-11-17 -2.8563266035504853 97593.48981619946 0.0013622919563196962
2021-11-18 1.2177574751343627 97038.44410235109 0.006897559001583185
2021-11-19 2.652424612730158 97734.9013948602 0.006429712122560245
2021-11-20 -1.4069860225018829 99724.10885665427 0.005176216028742722
2021-11-21 2.0842167990234657 100002.66707040726 0.004509526825055951
2021-11-22 4.787585915161344 98962.84912515449 0.0012975571846177236
2021-11-23 0.9216594054586835 98398.11101825607 0.0013601703136495848
2021-11-24 -2.0330612898254685 100560.4810014611 0.0011980373412313848
2021-11-25 1.4802268168967885 98829.92383965901 0.00277792102255542
2021-11-26 -4.4824746662042685 99921.76392452086 0.0017211949512588285
2021-11-27 -0.9672835190341971 99090.91368280102 0.0019529474075729763
2021-11-28 1.9275665221616123 98229.14078379404 0.004193204705100662
2021-11-29 -0.04290666151626965 98150.71522863481 0.0056511679436841685
2021-11-30 -2.361711367161149 97986.9762707815 0.015545423865480197
2021-12-01 -6.736926556706123 99128.94215748172 0.011112128154966582
2021-12-02 1.6984755082535798 97282.57760975386 0.0155666402921813
2021-12-03 -2.1687280417496595 96282.80072754376 0.016372913847350446
2021-12-04 -6.549126512514306 98118.9933485324 0.016437056532725872
2021-12-05 1.2316296383986582 97465.30900796164 0.017672790036747127
2021-12-06 1.348441265885981 96127.41001527857 0.01895722264112649
2021-12-07 -3.249129175982034 96264.97079310233 0.02115815553846632
2021-12-08 -0.801568760039288 97015.24484372376 0.022524789461180656
2021-12-09 0.5828180457248777 95954.31288482521 0.03106050330672509
2021-12-10 -2.6742106406962307 96711.11149988364 0.03194922488286527
2021-12-11 3.0395931838359616 94761.60361502029 0.032630716244715606
2021-12-12 3.733276467068606 95368.68599980162 0.025809931103474085
2021-12-13 2.131918010248228 96501.99848311157 0.021284763331291978
2021-12-14 1.967004531441944 95575.69924026825 0.026402165451598143
2021-12-15 2.831085054771279 96786.77610349939 0.025778254485004065
2021-12-16 5.85183624559329 98046.24954102322 0.017066148254677203
2021-12-17 3.83483873096759 99507.98447609409 0.01014490580003232
2021-12-18 5.868738249570583 100441.54938089398 0.009501110600971857
2021-12-19 5.969348993245546 100914.62389654829 0.006465138621098367
2021-12-20 2.687981421097163 100369.05260589131 0.004915204639791937
2021-12-21 0.43598345117277404 99868.9716247444 0.004653255780824125
2021-12-22 -0.3951694644082977 99578.03272301739 0.005244404637349524
2021-12-23 -1.372380734358785 99302.11921021661 0.005273515548404527
2021-12-24 -2.0841679418516037 98876.03173043542 0.005247611771618295
2021-12-25 0.6618693443267034 98489.40406074039 0.00213999734623317
2021-12-26 -0.9931248051149737 97954.65860639868 0.001861667432231019
2021-12-27 -3.462219626124977 97477.6606332878 0.0019188531032695748
2021-12-28 -4.7458955281906015 97432.0904014962 0.0019783084385598757
2021-12-29 -1.9497782302279347 97066.00275815236 0.003781211302881558
2021-12-30 -5.407828083951927 97489.91780500855 0.0027107685650200664
2021-12-31 -0.5227733344351577 98131.47575577379 0.0019568453092227134
